50	50		1869 1779 1625 1772 1817 1772 1514 1709 1667 1715 1865 1766 1767 1855 1567 1550 1908 1541 1590 1951 1766 1821 1577 1698 1583 1743 1518 0 1615 0 1690 1790 1596 1801 1588 1503 1731 1748 1814 1816 1513 1589 1766 1541 1844 1715 1827 1429 1525 1919 
50	100		403 521 461 0 0 0 382 372 482 275 423 427 501 380 500 353 463 422 0 0 270 538 0 369 443 325 0 0 505 470 0 0 0 411 473 447 457 399 324 378 337 0 412 251 0 0 399 309 417 395 
100	50		1862 1916 1944 1927 1939 1872 1911 1924 1918 1873 1921 1834 1924 1977 1874 1917 1898 1879 1936 1820 1912 1848 1909 1966 1935 1935 1859 1942 1861 1921 1880 1899 1936 1820 1946 1985 1937 1929 1853 1998 1903 1872 1877 1916 1877 1910 1860 1951 1941 1877 
50	0		4079 3844 3847 3584 3589 3586 3952 3768 3966 3744 3646 3543 3466 3460 3407 4015 4278 3536 4006 3822 4191 3941 3688 3857 3796 3698 4081 3325 3165 3830 3976 3680 3647 3812 3711 3391 3863 3747 3716 3749 3951 3860 3831 3999 3858 3523 3791 3982 3167 3826 
0	50		0 0 0 0 0 0 0 0 0 0 0 0 0 0 0 0 0 0 0 0 0 0 0 0 0 0 0 0 0 0 0 0 0 0 0 0 0 0 0 0 0 0 0 0 0 0 0 0 0 0 
25	75		0 0 0 0 0 0 0 0 0 0 0 0 0 0 0 0 0 0 0 0 0 0 0 0 0 0 0 0 0 0 0 0 0 0 0 0 0 0 0 0 0 0 0 0 0 0 0 0 0 0 
25	25		0 1478 1579 1517 1650 0 0 1222 1732 0 1338 1572 0 1512 1802 1831 1418 1433 1607 1372 1416 1695 1403 0 1572 0 1583 1411 1308 0 1290 1501 1729 0 0 1184 1671 0 1620 1428 1529 1576 1434 0 0 1249 1613 1149 1885 1486 
50	75		1102 0 1207 1210 1294 1323 1466 1106 1146 0 1121 1252 1287 1103 1129 0 1152 1230 1243 1135 1216 1290 1328 1249 1169 1098 1182 0 0 1122 1208 1213 1169 998 1103 985 1248 0 0 1281 1278 1020 1342 0 915 1127 1258 1229 1244 1200 
75	50		2288 1876 2026 1932 2069 1981 2162 1923 2042 2131 2046 2031 2057 1891 2033 2257 1899 2111 2155 2150 1938 2087 1999 2154 2029 2119 2013 2118 1837 1897 2147 2125 1799 2064 2140 1981 1952 1930 2006 2052 2146 2086 1923 2158 2220 1942 2135 2181 1987 2135 
50	25		2367 2160 2493 2420 2293 2378 2420 2439 1849 1581 2457 2093 2189 2412 2260 2030 2411 2113 2187 2461 2249 2406 2288 2494 2240 2297 2128 2052 2314 2066 2334 2250 1983 2364 2144 2251 2113 2192 2163 2425 2461 2141 2355 2349 0 0 2192 2206 1993 2530 
25	50		257 0 0 232 227 0 0 0 0 0 0 0 0 177 0 0 0 0 0 0 0 372 209 0 0 0 0 0 0 0 0 0 309 0 0 0 0 0 331 0 0 0 0 80 260 255 343 0 0 0 
25	100		0 0 0 0 0 0 0 0 0 0 0 0 0 0 0 0 0 0 0 0 0 0 0 0 0 0 0 0 0 0 0 0 0 0 0 0 0 0 0 0 0 0 0 0 0 0 0 0 0 0 
0	75		0 0 0 0 0 0 0 0 0 0 0 0 0 0 0 0 0 0 0 0 0 0 0 0 0 0 0 0 0 0 0 0 0 0 0 0 0 0 0 0 0 0 0 0 0 0 0 0 0 0 
25	0		3838 3712 3618 3582 3476 3512 3742 3311 3401 3450 4188 2920 3855 3590 3704 3241 3675 3249 3484 3046 3427 3926 3399 3774 3216 3304 3808 3551 3825 3328 3113 3605 3693 3281 4049 3608 3350 3668 3744 3583 3678 3820 3558 3110 3258 4010 3771 3711 3512 4187 
0	25		0 0 0 0 0 0 0 0 0 0 0 0 0 0 0 0 0 0 0 0 0 0 0 0 0 0 0 0 0 0 0 0 0 0 0 0 0 0 0 0 0 0 0 0 0 0 0 0 0 0 
37.5	62.5		755 1062 0 0 0 928 925 0 1149 605 903 683 1074 802 839 676 977 1022 826 1125 966 762 0 0 1054 992 926 793 1053 0 0 0 0 953 851 1027 0 0 1066 925 900 839 902 914 925 994 609 877 938 0 
37.5	37.5		1699 1557 0 0 0 1631 1372 1548 1591 1884 1565 0 0 0 1500 1687 1806 0 0 1521 1146 1591 1589 1502 1778 1763 1265 1909 1527 1766 1564 1671 1413 1971 1949 1871 1375 1544 1587 1712 0 0 1265 1603 1314 1807 1411 1739 1585 0 
37.5	87.5		0 0 0 0 140 218 0 154 0 0 0 0 0 0 0 0 0 0 0 136 0 78 0 57 278 189 166 182 0 0 0 0 0 0 0 0 0 0 0 0 0 0 0 0 0 0 0 0 0 0 
12.5	37.5		0 0 0 0 0 0 0 0 0 0 0 0 0 0 0 0 0 0 0 0 0 0 0 0 0 0 0 0 0 0 0 0 0 0 0 0 0 0 0 0 0 0 0 0 0 0 0 0 0 0 
12.5	12.5		0 0 0 0 0 1110 1007 939 912 1014 0 1152 867 913 1225 0 0 0 0 0 0 0 0 0 0 867 1019 1254 764 1105 1015 852 1058 0 0 0 819 0 0 881 956 797 924 906 812 721 646 819 884 1103 
50	62.5		1286 1111 1443 1139 1524 1471 1354 1433 1443 1586 1295 1556 1294 0 1284 1413 1498 1502 0 0 0 1564 1402 1545 1544 1564 1672 1561 1528 1545 1381 1400 0 0 1521 1404 1342 1452 1485 1493 1530 0 1175 1403 0 0 1548 1599 1554 1387 
62.5	50		1821 2035 1779 2068 2191 2021 1785 1862 2131 2058 1940 2128 2089 1951 1975 1965 1860 0 0 1786 2128 1798 1903 2071 2071 1907 1929 0 2022 2029 2000 2068 0 0 1854 1934 1979 1993 2031 2004 1892 2052 1785 1741 2014 1803 1898 1843 0 1732 
50	37.5		1826 1563 2107 2028 1700 1884 2017 1867 2144 2157 1880 2106 2084 1949 2135 1929 2032 1808 1711 2179 1926 2055 2046 2214 1838 1913 2063 0 0 0 2000 1993 1855 1889 1959 2115 2129 1707 1766 1915 2049 1939 1972 2176 1871 1663 1959 1986 1733 2047 
37.5	50		1439 1365 0 0 0 0 1323 1155 1553 1030 1093 1403 1507 1308 1238 1355 1452 1312 1206 962 1336 1314 1170 0 1331 1421 1417 1345 1119 0 1280 1179 987 1518 1284 1206 1305 1425 1345 1393 1314 1408 0 0 0 1306 1259 1230 1080 1214 
25	87.5		0 0 0 0 0 0 0 0 0 0 0 0 0 0 0 0 0 0 0 0 0 0 0 0 0 0 0 0 0 0 0 0 0 0 0 0 0 0 0 0 0 0 0 0 0 0 0 0 0 0 
37.5	75		680 0 0 414 472 489 0 0 0 474 528 593 522 619 633 558 0 552 626 0 0 588 620 0 655 0 0 573 654 0 0 486 479 565 0 0 0 0 542 619 570 503 625 434 0 0 0 0 0 624 
25	62.5		3 0 0 0 0 0 0 0 0 0 0 0 0 0 0 0 0 0 0 0 0 0 0 0 0 0 0 0 0 0 0 0 0 0 0 0 0 0 0 0 0 0 0 0 0 0 0 0 0 0 
12.5	75		0 0 0 0 0 0 0 0 0 0 0 0 0 0 0 0 0 0 0 0 0 0 0 0 0 0 0 0 0 0 0 0 0 0 0 0 0 0 0 0 0 0 0 0 0 0 0 0 0 0 
25	37.5		878 977 1131 992 1061 1068 879 1060 885 721 848 0 921 0 950 912 1063 0 1016 937 692 0 0 637 991 0 0 0 0 0 0 0 0 878 0 995 970 1090 745 1061 809 980 0 0 0 1046 964 0 846 0 
37.5	25		1985 1853 2130 2104 2123 1771 1877 2058 1947 2092 1553 2113 2016 1886 1800 2103 2101 2274 2197 1852 2204 1830 1865 2264 0 2230 2130 1789 2378 2031 2318 2022 1923 1798 1887 1806 2024 1854 2072 2228 1877 2033 2274 2191 2059 0 2137 0 0 0 
25	12.5		2276 2211 1954 1893 2387 2079 2030 1943 1792 2219 2166 2222 2112 2099 2098 2050 2386 2183 2305 2085 2146 2131 1991 2312 2141 1850 1858 1889 0 0 2206 2249 2341 0 2086 2327 2272 2514 2357 2237 2179 2019 2374 2015 2353 0 2288 2358 1834 2026 
12.5	25		28 0 0 0 0 0 0 0 0 0 0 0 0 0 0 0 0 29 0 0 0 0 0 0 0 0 0 15 0 0 11 0 0 0 0 0 0 0 0 0 0 0 0 12 16 30 0 0 0 0 
12.5	50		0 0 0 0 0 0 0 0 0 0 0 0 0 0 0 0 0 0 0 0 0 0 0 0 0 0 0 0 0 0 0 0 0 0 0 0 0 0 0 0 0 0 0 0 0 0 0 0 0 0 
37.5	100		0 0 0 0 0 0 0 0 0 0 0 0 0 0 0 0 0 0 0 0 0 0 0 0 0 0 0 0 0 0 0 0 0 0 0 0 0 0 0 0 0 0 0 0 0 0 0 0 0 0 
50	87.5		1006 818 876 875 0 0 1037 861 0 0 1092 640 930 945 848 650 1071 910 718 1057 0 0 964 999 855 922 0 990 1115 749 633 882 0 0 0 0 0 1025 785 920 1077 957 951 818 0 0 1067 745 1025 906 
62.5	75		1471 1440 1267 1673 1384 1318 1530 1571 1531 1419 1385 1613 1599 1628 1660 1563 1611 1518 1477 1552 1684 1374 1391 1492 1263 1603 1704 1486 1516 1589 1508 1413 1674 1468 1628 1635 1567 1467 1493 0 0 1524 1465 1660 1587 1529 1510 1381 1440 1369 
0	37.5		0 0 0 0 0 0 0 0 0 0 0 0 0 0 0 0 0 0 0 0 0 0 0 0 0 0 0 0 0 0 0 0 0 0 0 0 0 0 0 0 0 0 0 0 0 0 0 0 0 0 
12.5	0		3161 2640 3468 3671 2856 3460 3303 3371 3178 3205 3395 3229 3191 3033 2907 3230 3876 3544 3697 3146 2608 2896 3529 3394 3461 3158 3727 2762 3564 3922 3754 3647 3601 3225 3561 3554 2671 3050 3485 2935 3485 3450 3555 3619 3302 3384 3430 3569 3542 3493 
0	12.5		0 0 0 0 0 0 0 0 0 0 0 0 0 0 0 0 0 0 0 0 0 0 0 0 0 0 0 0 0 0 0 0 0 0 0 0 0 0 0 0 0 0 0 0 0 0 0 0 0 0 
31.25	81.25		0 0 0 0 0 0 0 0 0 0 0 0 0 0 0 0 0 0 0 0 0 0 0 0 0 0 0 0 0 0 0 0 0 0 0 0 0 0 0 0 0 0 0 0 0 0 0 0 0 0 
31.25	68.75		0 0 0 0 70 279 0 0 0 314 291 0 0 0 0 0 0 0 0 0 280 0 174 0 0 0 0 0 0 0 0 87 0 0 0 0 0 0 0 0 0 0 0 0 0 0 0 201 0 0 
18.75	31.25		0 416 0 0 0 375 363 0 0 548 0 0 0 0 463 537 0 0 326 441 484 497 451 0 591 448 484 646 0 0 0 0 0 0 468 624 495 0 0 0 0 0 0 558 441 547 0 0 572 451 
18.75	18.75		1463 1590 1255 1575 1412 1449 1252 0 0 0 1688 0 0 1571 0 0 0 1614 1777 1392 1653 1578 1579 1555 1429 1397 1608 0 0 1362 1428 1430 0 0 0 1725 1187 0 0 0 0 0 1335 1801 1579 1364 0 1398 1587 1325 
31.25	56.25		0 0 924 0 592 0 888 0 745 0 973 0 0 0 0 0 650 891 0 707 734 697 0 552 867 696 955 781 582 567 743 0 0 616 671 0 0 0 0 613 719 0 0 0 787 737 479 0 277 928 
31.25	43.75		1020 1246 0 1192 1281 982 0 0 0 0 1227 1127 1231 0 0 1049 1137 1352 938 1290 1212 968 1087 1400 1250 1132 1092 1094 767 0 1218 879 1317 1302 1368 902 0 1237 1098 1130 1230 0 0 1135 1171 1159 956 1260 1239 1194 
18.75	43.75		0 0 0 0 0 0 0 0 0 0 0 0 0 0 0 0 0 0 0 0 0 0 0 0 0 0 0 0 0 0 0 0 0 0 0 0 0 0 0 0 0 0 0 0 0 0 0 0 0 0 
43.75	93.75		406 0 0 0 439 0 0 0 0 0 0 0 0 471 473 0 0 493 277 0 0 0 0 390 350 0 0 0 0 391 340 0 0 0 0 0 530 452 0 370 326 0 0 0 466 432 507 321 0 0 
43.75	81.25		793 879 707 693 720 917 801 0 0 0 866 0 0 833 0 956 0 696 554 0 763 810 810 844 0 1047 0 689 898 0 0 884 0 0 779 550 852 796 0 0 885 0 0 0 929 719 1070 716 818 611 
6.25	18.75		0 0 0 0 0 0 0 0 0 0 0 0 0 0 0 0 0 0 0 0 0 0 0 0 0 0 0 0 0 0 0 0 0 0 0 0 0 0 0 0 0 0 0 0 0 0 0 0 0 0 
18.75	6.25		2269 2302 1939 2148 2053 2191 2590 2131 2441 2147 2482 2221 2360 1961 0 0 1721 2483 1715 1936 2426 2208 2362 2339 2353 2168 2403 2689 2196 2626 0 2060 2254 2045 2483 2568 2339 2347 1819 2292 2581 2428 2634 2392 2503 2396 2567 0 0 2310 
6.25	6.25		117 0 162 247 204 233 189 163 0 0 160 0 280 165 0 288 225 235 203 152 383 128 157 255 0 0 213 236 193 0 134 294 0 0 0 0 183 320 316 204 0 0 0 0 0 182 0 0 0 0 
25	81.25		0 0 0 0 0 0 0 0 0 0 0 0 0 0 0 0 0 0 0 0 0 0 0 0 0 0 0 0 0 0 0 0 0 0 0 0 0 0 0 0 0 0 0 0 0 0 0 0 0 0 
31.25	75		0 0 0 0 0 0 0 0 0 0 0 0 0 0 0 0 0 0 0 0 0 0 0 0 0 0 0 0 0 0 0 0 0 0 0 0 0 0 0 0 0 0 0 0 0 0 42 0 0 0 
25	68.75		0 0 0 0 0 0 0 0 0 0 0 0 0 0 0 0 0 0 0 0 0 0 0 0 0 0 0 0 0 0 0 0 0 0 0 0 0 0 0 0 0 0 0 0 0 0 0 0 0 0 
18.75	75		0 0 0 0 0 0 0 0 0 0 0 0 0 0 0 0 0 0 0 0 0 0 0 0 0 0 0 0 0 0 0 0 0 0 0 0 0 0 0 0 0 0 0 0 0 0 0 0 0 0 
25	31.25		1429 1242 0 1444 1130 1221 0 0 0 1152 1418 1476 1281 1393 1280 0 0 0 1148 1247 910 1326 1285 0 1187 0 1165 1286 1258 0 1383 1222 0 0 0 0 0 1203 1211 1179 0 0 0 1019 1084 0 1243 1317 1513 942 
31.25	25		1893 1749 1244 1997 1493 1978 1803 0 0 0 0 0 1801 1417 1910 1819 1831 1788 1867 1479 1643 1624 1897 1674 2188 1856 0 0 1849 1817 1684 1817 1740 1806 0 1873 2030 1831 1678 1659 1845 2022 1797 2005 2008 1712 2078 1892 2014 1720 
25	18.75		1396 1563 0 1980 1624 1909 1819 1934 1768 1753 0 1937 2022 1609 1693 1962 1884 2205 1846 1772 1933 1518 0 0 1953 1577 1670 2113 1873 2090 0 0 2107 1845 2058 1522 0 0 1983 1839 1774 0 0 2160 1927 1733 1935 1474 1988 1817 
18.75	25		1087 1016 1158 0 0 0 0 0 0 0 1117 0 1039 1145 732 941 1110 1177 1310 989 1207 1037 0 1140 927 858 1269 1232 947 1166 1225 0 846 969 1371 0 1072 1167 0 0 0 0 0 894 0 0 1106 1001 1262 0 
31.25	87.5		0 0 0 0 0 0 0 0 0 0 0 0 0 0 0 0 0 0 0 0 0 0 0 0 0 0 0 0 0 0 0 0 0 0 0 0 0 0 0 0 0 0 0 0 0 0 0 0 0 0 
37.5	81.25		0 0 0 0 0 408 0 0 0 0 0 0 0 0 0 0 0 293 0 0 0 0 554 343 0 180 308 0 0 526 0 0 0 0 0 456 397 0 470 563 0 0 509 272 205 512 0 0 0 0 
37.5	68.75		842 0 809 811 775 497 0 0 769 704 887 933 781 813 975 806 813 704 0 661 0 0 0 0 682 743 851 561 0 653 0 0 760 785 0 796 0 0 802 723 852 758 1036 0 0 707 0 0 0 0 
43.75	62.5		1117 1012 1265 1165 1220 1114 1355 1333 1171 0 0 0 1221 0 1324 0 1183 1247 1102 1060 1029 1274 1363 1126 1037 1174 1259 1034 1255 0 0 0 1218 0 0 0 0 0 1187 1151 1244 1325 802 1028 1075 1180 1180 1315 1328 1120 
37.5	56.25		0 726 1052 0 0 955 1132 1250 1029 1132 1295 1236 0 1191 0 1166 0 0 0 0 836 0 0 0 0 0 1217 0 1239 1322 0 1202 1135 1277 0 0 896 970 833 0 0 0 908 1246 0 1195 1217 1133 1180 868 
31.25	62.5		583 449 664 550 519 0 0 458 449 0 0 0 0 0 0 348 0 570 0 0 0 0 0 0 0 0 458 440 423 653 0 0 479 0 0 639 298 563 0 0 0 0 0 0 549 460 0 0 0 0 
25	56.25		0 0 0 0 75 22 25 0 0 44 0 0 0 0 0 0 36 0 0 0 0 0 0 0 0 19 0 0 0 0 0 0 34 0 58 0 0 0 0 0 0 0 0 0 0 0 0 0 0 0 
31.25	50		954 1070 1055 1121 871 1004 967 860 796 1025 858 0 1011 0 0 0 818 1115 894 1042 0 0 0 0 0 713 950 872 0 801 0 0 0 0 0 0 1012 1121 868 843 0 0 0 876 1096 968 0 1039 889 910 
25	43.75		671 0 0 633 726 0 629 0 0 0 0 0 0 0 0 0 727 0 0 0 0 0 0 0 0 0 638 619 567 565 503 767 521 891 709 0 0 0 0 774 596 0 0 0 0 0 612 723 782 679 
18.75	50		0 0 0 0 0 0 0 0 0 0 0 0 0 0 0 0 0 0 0 0 0 0 0 0 0 0 0 0 0 0 0 0 0 0 0 0 0 0 0 0 0 0 0 0 0 0 0 0 0 0 
37.5	93.75		0 0 0 0 0 0 0 0 0 0 0 0 0 16 0 0 0 0 0 0 0 0 0 0 0 0 0 0 0 0 0 0 0 0 0 0 0 0 0 0 0 0 0 0 0 21 0 0 0 0 
43.75	87.5		411 485 0 0 0 555 700 621 529 667 0 0 0 511 649 559 588 0 306 575 576 609 692 509 0 0 0 0 0 0 0 0 0 0 0 0 749 658 511 622 0 0 649 619 765 741 0 0 389 460 
12.5	43.75		0 0 0 0 0 0 0 0 0 0 0 0 0 0 0 0 0 0 0 0 0 0 0 0 0 0 0 0 0 0 0 0 0 0 0 0 0 0 0 0 0 0 0 0 0 0 0 0 0 0 
18.75	37.5		0 0 68 53 0 0 0 0 0 0 76 0 0 0 0 0 0 0 0 0 0 0 0 0 0 0 0 0 54 0 0 0 0 0 0 0 0 0 0 0 0 0 0 0 0 0 0 0 0 0 
12.5	31.25		0 0 0 0 0 0 0 0 0 0 0 0 0 0 0 0 0 0 0 0 0 0 0 0 0 0 0 0 0 0 0 0 0 0 0 0 0 0 0 0 0 0 0 0 0 0 0 0 0 0 
6.25	37.5		0 0 0 0 0 0 0 0 0 0 0 0 0 0 0 0 0 0 0 0 0 0 0 0 0 0 0 0 0 0 0 0 0 0 0 0 0 0 0 0 0 0 0 0 0 0 0 0 0 0 
12.5	18.75		398 0 0 392 271 0 0 0 288 0 0 221 0 0 286 0 0 0 0 0 0 0 297 308 369 363 0 0 0 0 0 319 0 0 240 262 237 222 0 261 0 0 0 417 274 0 0 0 192 230 
18.75	12.5		1783 2173 2122 1744 1685 2316 1830 1937 2033 1779 1662 2127 0 0 0 1802 0 1720 1885 1417 1772 1937 1971 1946 1545 2201 1785 1643 1870 2054 1862 1314 1836 1738 2311 2114 1659 1387 1560 1952 1325 1900 1677 1823 1908 0 0 0 1977 1845 
12.5	6.25		1966 1939 1391 2091 1974 1896 2003 1941 1925 1689 2096 1833 1915 2013 1414 0 1774 2067 2095 1748 2207 1829 1967 1646 0 0 0 0 1931 1984 1632 1736 1711 1840 0 0 1843 1847 1893 2027 2130 1720 2112 1990 2017 1637 2079 1770 1979 2051 
6.25	12.5		5 0 0 0 0 0 0 0 0 0 0 0 0 0 0 0 0 0 0 0 0 0 0 0 0 0 0 0 0 0 0 0 0 8 0 0 0 0 0 0 0 0 0 0 0 0 0 0 0 0 
43.75	75		880 0 0 0 0 0 898 1059 774 970 0 838 0 908 957 0 737 992 0 858 863 980 841 1020 934 760 861 950 1084 0 0 1188 1015 781 0 0 0 868 1071 1109 901 935 1013 907 0 0 1119 948 0 843 
6.25	25		0 0 0 0 0 0 0 0 0 0 0 0 0 0 0 0 0 0 0 0 0 0 0 0 0 0 0 0 0 0 0 0 0 0 0 0 0 0 0 0 0 0 0 0 0 0 0 0 0 0 
18.75	62.5		0 0 0 0 0 0 0 0 0 0 0 0 0 0 0 0 0 0 0 0 0 0 0 0 0 0 0 0 0 0 0 0 0 0 0 0 0 0 0 0 0 0 0 0 0 0 0 0 0 0 
37.5	43.75		1347 0 1632 1585 1564 1713 1310 1473 1347 1389 1668 1435 1184 1026 1554 1542 1563 0 1241 1492 1605 1457 1564 1400 1216 1485 0 0 0 1703 0 1782 1742 1523 1404 1548 1414 0 0 1536 1472 1710 1483 0 0 1356 1597 1510 1309 1648 
31.25	37.5		1615 1240 1356 1507 1287 1479 0 0 0 1347 0 1110 1455 1305 1234 1359 1092 0 1637 1513 1462 1430 1575 0 1403 1564 1397 1316 1316 0 1212 1242 1435 1546 1430 1437 1408 1563 1493 1490 1329 1212 1559 1265 1248 1424 1380 1260 0 1311 
43.75	50		1694 1278 1233 1476 1672 1583 1547 1139 1685 1389 1303 1486 1762 0 0 1366 1469 1298 1738 1667 1488 1446 1426 1394 1151 1423 1663 1233 1565 1411 1450 0 0 1440 1571 1519 1587 1279 1625 1671 1233 1303 1648 1377 1296 1611 1532 1529 1358 1660 
43.75	100		151 198 0 0 206 152 203 0 0 0 0 0 0 74 260 0 0 0 0 206 0 0 0 0 0 127 115 0 0 0 0 102 0 0 0 139 122 255 214 0 140 0 0 0 0 0 0 0 0 0 
50	93.75		915 690 882 709 829 759 854 905 647 899 0 793 0 0 825 818 689 0 629 511 0 907 745 775 0 0 756 759 834 688 666 0 0 0 605 799 822 905 884 828 727 835 832 785 920 0 0 0 817 787 
50	81.25		0 0 0 1148 896 982 995 1053 943 720 1086 1245 1112 1054 1062 1190 1251 1055 0 1037 1055 994 1099 846 1028 1116 996 1372 989 0 1104 929 1230 810 1062 0 903 1103 1105 1209 1211 1133 984 0 995 0 0 1159 751 1012 
56.25	87.5		1015 0 1179 1012 1175 904 1194 1050 1040 1216 901 1143 1115 1109 1246 1117 1148 1009 964 1193 1028 1167 1064 1047 1118 1049 895 1228 1052 1047 1182 1372 1136 0 0 1100 1047 1118 911 1133 1224 1121 1067 1183 0 1145 1169 1381 1077 1221 
0	18.75		0 0 0 0 0 0 0 0 0 0 0 0 0 0 0 0 0 0 0 0 0 0 0 0 0 0 0 0 0 0 0 0 0 0 0 0 0 0 0 0 0 0 0 0 0 0 0 0 0 0 
25	6.25		2570 2174 2528 2522 2608 2481 2464 2589 2614 2024 2365 2029 2667 2161 2382 2843 2094 2327 2553 2513 2498 2148 2722 2212 2716 2455 2333 2353 2481 2445 2634 2720 2061 2601 2581 1996 2403 2466 2157 2535 2717 2367 2201 2389 2844 2514 2326 2146 2349 2560 
18.75	0		3321 3234 3724 3072 3322 3863 3008 2689 3379 3763 3252 3467 3934 3472 3198 3234 3363 3404 3864 3556 3042 3542 3659 3536 3371 2450 3742 3357 3221 3605 3496 3737 3015 3291 3256 2666 3491 3911 3625 3691 3464 3430 3620 3154 3564 3351 2786 4027 3423 3112 
31.25	12.5		2015 2436 2404 2305 2563 2279 2067 2229 2192 2573 2228 2081 2314 2298 2592 2423 2500 1982 2627 0 0 0 2451 1971 2405 2077 2213 2349 2378 2475 2452 2181 1995 2226 1994 2258 2454 1765 2230 2576 2357 2232 2271 2035 1968 2101 2114 2178 2423 2551 
6.25	0		1276 917 1031 1148 1168 820 1183 1010 1046 1275 1141 1140 979 1080 1053 817 1073 1075 964 956 1210 1049 1117 1150 1156 1139 1050 1059 1032 999 1057 1099 774 995 891 1077 1004 1147 1097 895 1023 1100 1075 995 1086 881 1106 967 1225 976 
0	6.25		0 0 0 0 0 0 0 0 0 0 0 0 0 0 0 0 0 0 0 0 0 0 0 0 0 0 0 0 0 0 0 0 0 0 0 0 0 0 0 0 0 0 0 0 0 0 0 0 0 0 
34.375	84.375		0 0 0 0 0 0 0 4 0 0 0 0 0 0 47 0 0 0 0 0 0 0 0 0 0 0 0 0 0 0 0 0 0 0 0 0 0 0 0 0 0 0 0 0 0 0 0 0 0 0 
34.375	78.125		205 242 215 221 232 298 0 0 0 0 0 0 0 0 156 0 0 0 0 0 32 199 0 0 0 0 0 0 132 289 0 0 198 0 0 0 0 0 0 0 0 0 0 0 222 0 0 36 192 0 
34.375	65.625		575 705 647 832 0 0 0 0 0 0 0 0 0 621 0 0 0 0 0 554 0 0 0 0 0 551 424 0 0 0 0 0 0 0 0 0 0 0 0 0 0 0 852 794 0 0 0 0 0 0 
34.375	59.375		0 804 725 885 703 771 834 844 0 0 0 0 840 1012 569 0 0 0 0 0 593 924 780 662 834 660 915 494 915 0 0 676 0 0 0 0 0 0 728 886 739 0 0 520 789 785 717 0 620 672 
28.125	53.125		548 0 0 0 0 0 511 698 678 489 666 0 632 0 0 619 0 0 0 563 0 0 0 0 0 0 0 614 670 0 0 0 475 0 482 402 0 0 0 0 0 444 519 0 0 0 679 0 0 587 
28.125	46.875		761 834 801 710 813 1017 753 0 0 0 0 0 0 0 915 811 631 0 0 0 0 0 0 0 0 0 0 796 717 0 0 749 0 0 0 1003 0 0 0 0 0 0 0 646 904 989 788 812 755 0 
21.875	53.125		0 0 0 0 0 0 0 0 0 0 0 0 0 0 0 0 0 0 0 0 0 0 0 0 0 0 0 0 0 0 0 0 0 0 0 0 0 0 0 0 0 0 0 0 0 0 0 0 0 0 
21.875	46.875		0 0 0 0 0 0 0 0 0 0 0 0 0 0 0 0 0 0 0 0 0 0 0 39 0 0 0 0 0 0 0 91 0 0 0 0 0 17 0 0 0 0 0 0 0 0 0 0 0 0 
40.625	90.625		416 386 472 0 0 0 406 245 356 409 428 0 0 0 308 413 471 0 0 0 0 0 0 0 0 0 336 397 384 365 322 0 0 295 0 0 243 0 0 424 323 337 358 0 0 0 0 0 335 0 
40.625	84.375		546 0 0 0 421 0 0 0 434 0 0 0 461 0 556 0 0 516 642 383 0 0 0 0 0 448 0 0 0 470 0 0 0 0 0 0 475 0 0 0 534 619 0 571 0 0 0 0 626 595 
15.625	15.625		1502 1541 1503 0 1467 1519 1577 1506 1825 1398 1469 1305 1261 1442 1109 1360 1488 1505 1360 1695 1462 1171 1369 1457 1691 1432 1625 1342 0 0 0 1323 0 1370 0 1155 0 0 0 1433 0 1529 1661 1199 976 1395 1623 1442 1514 0 
15.625	9.375		2179 2021 1357 1840 1746 2064 0 1760 0 0 1820 1954 1972 1818 1715 1870 1857 2090 2026 0 2083 2174 1682 1458 1600 0 0 2135 2263 1741 2174 1862 0 1637 2048 1663 1726 1914 1951 1884 2066 1744 1935 1926 2209 1741 1780 2135 2019 1772 
9.375	9.375		285 660 0 0 0 0 648 468 370 674 452 403 547 558 0 0 0 545 427 0 0 633 538 462 532 463 648 0 0 567 0 740 553 461 0 474 592 0 0 0 630 536 665 629 554 588 470 479 330 637 
9.375	15.625		0 0 0 0 106 137 20 0 0 0 0 0 0 0 0 0 0 0 0 0 0 0 0 0 129 0 0 0 0 0 0 0 0 0 0 0 0 68 26 26 121 0 0 0 36 0 0 76 22 22 
34.375	71.875		458 442 424 325 451 0 0 0 0 0 370 0 0 0 0 0 0 0 0 430 345 495 379 0 0 438 403 0 0 413 539 438 0 0 0 0 455 359 353 468 248 0 0 0 0 0 599 413 562 0 
40.625	78.125		716 714 771 0 0 0 0 709 835 425 886 0 0 629 502 737 528 0 0 0 720 733 0 0 899 671 653 0 0 0 0 722 666 741 694 653 608 0 0 0 0 452 648 697 729 605 709 654 0 550 
21.875	34.375		576 0 703 673 820 656 695 0 0 0 0 0 0 0 0 806 0 0 0 634 718 903 0 798 640 835 0 0 0 0 611 772 0 0 834 788 934 0 0 0 0 0 0 998 0 0 0 714 0 0 
15.625	34.375		0 0 0 0 0 0 0 0 0 0 0 0 0 0 0 0 0 0 0 0 0 0 0 0 0 0 0 0 0 0 0 0 0 0 0 0 0 0 0 0 0 0 0 0 0 0 0 0 0 0 
15.625	28.125		0 0 0 47 0 0 139 67 0 0 0 103 0 51 0 0 143 0 0 121 0 142 0 0 0 106 102 0 0 0 0 0 168 0 0 0 80 176 119 0 158 0 0 187 118 0 136 106 182 0 
21.875	15.625		1871 1655 1945 1724 1761 0 1920 2026 1930 2278 1609 2118 1852 1994 1868 1923 1833 1946 1953 1752 1954 2117 1781 1928 1840 0 0 1985 1842 1602 0 2060 1850 1975 1677 1954 1910 1704 1992 1843 1891 1980 1827 0 0 1813 2141 1807 2224 1945 
15.625	21.875		0 0 925 424 810 809 824 763 0 0 0 706 0 830 575 0 0 517 0 743 0 0 0 0 568 642 719 581 464 0 716 0 0 0 820 804 611 500 700 0 481 560 528 0 0 0 409 0 623 822 
9.375	21.875		0 0 0 0 0 0 0 0 0 0 0 0 0 0 0 0 0 0 0 0 0 0 0 0 0 0 0 0 0 0 0 0 0 0 0 0 0 0 0 0 0 0 0 0 0 0 0 0 0 0 
28.125	59.375		0 0 0 0 0 0 0 81 0 0 167 0 0 0 0 0 0 219 0 0 0 181 0 0 0 0 0 0 0 0 0 0 0 0 0 0 0 0 0 0 203 0 176 119 206 319 0 0 0 0 
28.125	65.625		0 0 12 0 0 0 0 0 0 0 0 0 0 0 0 0 0 0 0 0 0 0 0 0 0 0 0 0 0 7 0 0 0 0 0 0 0 0 0 0 0 0 0 0 0 0 0 0 0 0 
28.125	40.625		863 1023 1037 1116 1071 958 993 1132 1013 1328 1134 1226 0 0 1204 936 1023 0 0 1120 1058 1131 0 0 990 1288 1342 1161 0 1066 870 1068 0 0 1263 1037 0 838 0 0 967 0 0 0 0 1151 1048 1011 897 1020 
40.625	53.125		0 1156 1380 1066 0 0 1540 1492 1079 0 0 1454 1411 0 1348 1439 1187 1203 1351 1542 0 0 0 1335 1364 1562 1270 1311 1306 1206 1653 1465 1356 1371 1371 1389 1256 1464 1230 1289 1255 1374 1387 1098 1218 1381 1362 871 1379 1249 
34.375	53.125		937 1164 1039 959 835 0 0 1033 1087 1262 0 0 1014 0 1257 1394 0 0 808 848 0 0 1142 0 0 0 0 0 854 1122 879 770 1096 1023 0 0 0 0 1250 952 833 1182 975 942 943 1146 885 1049 0 878 
21.875	40.625		0 0 0 0 199 0 374 410 0 0 396 286 386 251 341 176 356 0 251 227 0 275 0 266 0 0 380 0 0 0 184 0 0 175 325 291 234 0 277 257 0 293 0 0 0 0 425 287 255 0 
46.875	96.875		0 472 524 0 414 0 0 0 0 0 477 549 0 395 556 0 0 616 0 0 616 556 599 0 0 0 573 520 551 673 690 0 0 448 506 536 343 0 0 418 275 0 0 587 533 0 0 0 552 0 
46.875	90.625		573 551 716 564 670 637 723 0 0 583 718 776 807 734 707 522 0 473 802 563 480 816 871 0 784 603 641 664 698 735 732 623 815 703 479 0 0 0 591 893 524 0 0 631 767 0 0 638 565 852 
40.625	96.875		0 0 95 0 0 0 0 0 0 33 0 0 0 0 44 0 145 0 0 0 96 186 0 0 0 0 0 41 0 0 0 0 0 0 0 0 161 0 75 136 168 74 73 65 118 0 0 97 0 156 
3.125	9.375		0 0 0 0 0 0 0 0 0 0 0 0 0 0 0 0 0 0 0 0 0 0 0 0 0 0 0 0 0 0 0 0 0 0 0 0 0 0 0 0 0 0 0 0 0 0 0 0 0 0 
9.375	3.125		1310 1255 1454 1510 1211 1344 1426 0 0 1409 1447 1544 1273 1386 1116 0 0 1444 1546 1420 1626 1619 1416 0 1472 1413 1361 1203 1288 1224 0 1551 1373 1505 1161 1457 1523 1204 1464 1357 1221 1370 1500 1664 1206 0 0 0 1469 1388 
3.125	3.125		0 0 0 0 0 0 46 39 0 62 0 0 80 68 72 58 43 31 45 0 0 80 86 0 92 0 0 43 43 69 110 0 35 35 56 39 56 55 70 54 48 52 52 91 45 45 0 0 79 0 
34.375	68.75		540 570 0 0 0 0 0 419 0 556 541 505 0 0 0 409 0 0 476 0 0 0 458 634 604 0 0 0 0 486 0 0 0 0 0 0 0 0 0 559 0 0 636 0 677 0 0 0 400 0 
37.5	65.625		0 0 0 0 756 909 0 0 0 0 897 887 724 893 670 0 0 0 1011 0 690 874 0 0 0 0 0 880 927 1003 865 899 1099 0 900 754 0 845 1036 0 1034 0 0 906 748 819 885 573 0 0 
34.375	62.5		865 782 0 0 0 0 0 0 771 596 0 0 0 566 789 692 0 645 816 741 838 809 1008 850 597 793 493 874 0 0 0 844 0 0 651 535 743 772 612 0 0 746 0 0 0 0 0 0 0 845 
31.25	65.625		337 0 0 0 0 0 0 0 0 0 0 0 0 0 0 0 254 409 391 0 0 0 0 0 421 0 0 251 0 0 0 0 0 0 0 0 0 0 0 0 0 0 0 0 0 0 411 0 0 372 
31.25	84.375		0 0 0 0 0 0 0 0 0 0 0 0 0 0 0 0 0 0 0 0 0 0 0 0 0 0 0 0 0 0 0 0 0 0 0 0 0 0 0 0 0 0 0 0 0 0 0 0 0 0 
34.375	81.25		0 0 0 101 0 0 0 0 0 0 0 0 0 0 0 0 0 0 37 0 0 0 0 0 0 0 0 0 0 0 26 0 0 0 22 0 0 0 0 0 0 83 0 0 0 0 0 0 0 0 
31.25	78.125		0 0 0 0 0 0 0 0 0 0 0 0 0 0 0 0 0 0 0 0 0 0 0 0 0 0 0 0 0 0 0 0 0 0 0 0 0 0 0 0 0 0 0 0 0 0 0 0 0 0 
28.125	81.25		0 0 0 0 0 0 0 0 0 0 0 0 0 0 0 0 0 0 0 0 0 0 0 0 0 0 0 0 0 0 0 0 0 0 0 0 0 0 0 0 0 0 0 0 0 0 0 0 0 0 
40.625	62.5		1089 997 1079 848 1001 1082 1178 1084 810 930 1055 1306 1233 1051 0 1083 1224 0 1145 820 1175 1011 1281 1123 1032 1032 1077 0 1096 1307 1026 1220 1149 943 1155 1088 1255 870 948 960 1097 1153 0 1232 1125 1031 893 1032 1219 1207 
37.5	59.375		810 892 0 1141 1186 809 0 915 1091 932 999 0 0 1037 876 846 848 1107 625 1043 997 757 0 861 0 0 1061 1056 1215 929 1141 1218 849 0 1164 1159 1135 0 1113 1026 0 0 800 797 968 1083 1013 917 1158 874 
37.5	84.375		273 0 0 0 0 456 256 214 0 0 226 0 190 0 0 280 280 371 0 0 0 0 0 284 0 266 345 0 0 0 0 0 0 0 0 0 0 338 168 0 0 0 339 270 0 0 0 0 0 185 
40.625	81.25		509 782 528 469 0 652 0 0 0 0 525 626 612 0 0 0 705 763 465 594 656 672 591 641 707 738 551 747 579 0 416 564 0 543 684 602 0 0 587 587 0 0 0 689 0 0 0 551 701 554 
37.5	78.125		443 0 0 0 493 404 0 0 0 539 0 341 649 369 571 0 333 0 577 0 390 0 583 465 0 0 554 384 0 0 0 0 0 0 495 0 0 0 0 0 440 0 0 0 530 525 335 630 0 0 
25	53.125		77 0 0 0 0 0 213 0 0 0 0 0 0 0 0 0 0 0 0 0 81 0 57 45 159 0 0 27 0 0 0 29 0 0 0 0 0 0 0 0 0 0 0 0 0 0 0 0 152 140 
28.125	50		738 734 0 0 817 0 782 814 0 0 0 0 615 605 475 744 0 0 0 0 665 0 0 0 764 648 0 779 0 0 592 668 748 0 605 498 0 0 0 0 0 507 775 764 800 477 548 0 598 754 
25	46.875		269 460 430 0 0 477 466 443 592 0 0 0 271 0 465 393 420 0 464 0 0 0 0 0 0 489 0 0 0 334 0 0 0 497 0 465 0 0 0 0 463 175 0 331 513 0 0 0 0 0 
21.875	50		0 0 0 0 0 0 0 0 0 0 0 0 0 0 0 0 0 0 0 0 0 0 0 0 0 0 0 0 0 0 0 0 0 0 0 0 0 0 0 0 0 0 0 0 0 0 0 0 0 0 
37.5	90.625		112 0 0 0 0 0 0 0 0 0 0 0 0 0 0 0 0 0 0 0 0 0 0 0 0 0 0 0 0 0 0 135 0 0 0 0 0 0 0 0 0 0 0 0 0 0 0 0 0 74 
40.625	87.5		393 328 465 366 420 476 532 449 0 0 0 0 360 546 425 623 364 0 0 360 405 0 0 440 0 0 0 0 559 484 258 0 362 0 0 426 374 486 0 410 500 0 0 0 350 452 0 0 0 0 
34.375	87.5		0 0 0 0 0 0 0 0 0 0 0 0 0 0 0 0 0 0 25 0 0 0 0 0 0 0 0 0 0 0 0 0 0 0 0 0 0 0 0 0 0 0 0 0 0 0 0 0 0 0 
34.375	75		443 303 0 0 0 0 319 0 337 176 0 0 338 330 457 0 0 277 0 0 322 0 215 230 264 0 0 0 190 0 289 0 0 0 0 0 394 301 401 161 208 0 0 0 0 0 0 0 0 0 
12.5	15.625		438 715 782 0 668 723 644 0 0 0 0 0 510 804 470 0 679 507 0 0 0 696 555 621 628 685 589 613 594 0 532 475 0 0 334 566 0 550 618 726 638 0 0 0 684 0 642 556 0 0 
15.625	12.5		1373 1888 0 1669 1941 1644 2004 1598 2106 1216 1671 1590 1699 1735 0 0 1814 1577 1778 0 0 0 0 1577 1214 0 0 1422 1522 1886 1509 1722 1634 1737 1805 0 1642 1736 1751 1609 0 0 0 0 1526 1753 0 1758 1473 0 
12.5	9.375		1469 1690 1244 0 1764 1513 1568 1381 1366 1588 1430 1396 1210 0 0 1559 1416 0 0 1368 1298 1520 1392 1442 1543 1395 1719 1369 1362 1545 1368 1312 1430 1586 1576 1319 1433 1504 0 0 0 0 0 1415 1243 1473 1559 0 0 1373 
9.375	12.5		196 141 0 0 219 0 0 217 0 0 0 0 0 0 0 215 143 252 0 0 0 0 0 0 200 202 264 0 0 226 313 158 263 0 307 201 250 0 0 0 0 0 0 164 195 296 223 338 276 196 
31.25	71.875		0 0 0 0 0 0 0 0 0 0 0 0 67 60 0 0 0 0 0 0 0 0 0 0 0 0 0 0 0 66 0 0 33 0 0 0 0 0 0 0 0 0 0 0 0 0 0 17 0 0 
28.125	68.75		0 0 0 0 0 0 0 0 0 0 0 0 0 0 0 0 0 0 0 0 0 0 0 0 0 0 0 0 0 0 0 0 0 0 0 0 0 0 0 0 0 0 0 0 0 0 0 0 0 0 
40.625	75		678 856 741 1040 733 873 0 613 0 857 609 0 851 657 700 914 686 0 0 753 813 790 0 681 0 0 0 0 0 0 0 0 779 0 0 0 0 824 810 903 897 783 0 0 0 714 777 589 0 946 
37.5	71.875		705 621 0 0 432 487 776 775 518 579 0 0 368 736 628 567 689 690 0 765 550 539 611 0 0 753 781 642 0 0 0 0 827 553 0 0 795 0 0 0 0 0 672 611 0 0 0 0 0 0 
18.75	34.375		0 124 225 160 264 137 153 0 0 0 0 0 0 0 0 0 61 188 0 0 0 0 0 200 0 0 0 0 217 0 0 0 293 0 226 0 125 254 0 0 0 0 0 0 235 0 0 180 316 0 
21.875	31.25		0 992 986 1147 882 0 0 0 0 1089 937 882 932 0 0 0 1011 0 0 0 0 0 0 1035 0 0 1205 0 0 0 1066 947 779 959 1144 757 1162 1077 0 0 0 0 0 774 0 1313 958 1045 688 0 
18.75	28.125		864 853 0 0 0 0 0 0 907 0 0 0 0 0 0 805 0 0 0 549 0 776 908 797 0 0 734 737 711 656 615 844 0 0 0 0 0 757 717 623 738 765 665 819 714 1028 0 0 0 771 
15.625	31.25		0 0 0 0 42 0 34 0 99 0 0 0 0 0 0 59 0 0 0 0 0 0 41 0 0 24 0 0 14 0 0 0 0 0 0 0 0 0 0 0 0 0 0 0 0 0 0 0 0 0 
18.75	21.875		1274 1241 1327 1445 1099 0 0 0 0 1435 1410 0 1482 0 0 0 1416 831 0 1370 0 0 0 1637 1047 0 0 0 1333 1320 0 0 0 1420 1180 1319 0 0 1256 1188 1208 1184 1432 1238 1269 1388 1308 1582 1098 1148 
21.875	18.75		1465 1564 1869 1940 0 0 0 1868 1809 1506 1663 1964 0 1410 1965 1684 1374 1688 1613 1461 1728 1448 1944 0 0 0 1669 1841 1750 1609 0 1485 1766 1683 0 0 0 0 1530 1930 1671 1785 1726 1999 1992 1599 1739 1735 1650 0 
18.75	15.625		2006 1774 1574 1913 1728 1516 1425 1513 1810 1962 0 0 0 1784 1970 0 0 0 0 1782 1519 1809 0 0 0 1701 1594 0 1466 1699 1709 1873 1397 1543 1520 1828 1668 1823 0 0 1804 1464 0 0 0 1745 1949 1471 0 0 
15.625	18.75		0 0 1207 999 1083 1132 0 0 1237 1267 1028 1183 752 967 1000 0 0 1049 1178 0 0 0 1097 794 0 0 0 1028 993 1165 0 1182 1206 1022 0 0 876 0 873 1165 886 1153 0 0 0 960 0 0 0 882 
12.5	28.125		0 0 0 0 0 0 0 0 0 0 0 0 0 0 0 0 0 0 0 0 0 0 0 0 0 0 0 0 0 0 0 0 0 0 0 0 0 0 0 0 0 0 0 0 0 0 0 0 0 0 
15.625	25		0 0 0 0 385 179 354 284 505 0 316 0 225 0 0 273 0 351 365 294 0 379 0 415 450 0 0 0 349 540 0 241 284 412 0 0 0 347 0 0 291 401 0 167 0 0 0 0 0 0 
12.5	21.875		100 119 0 0 109 0 0 0 0 15 0 0 119 0 0 0 0 0 0 0 0 0 0 0 0 0 0 0 0 0 0 59 0 0 0 0 0 0 0 0 136 83 113 172 93 0 0 0 0 0 
9.375	25		0 0 0 0 0 0 0 0 0 0 0 0 0 0 0 0 0 0 0 0 0 0 0 0 0 0 0 0 0 0 0 0 0 0 0 0 0 0 0 0 0 0 0 0 0 0 0 0 0 0 
31.25	59.375		0 0 0 675 0 0 0 0 541 0 693 710 0 0 0 572 0 0 722 0 0 0 0 0 0 710 625 0 0 668 514 464 377 693 485 0 711 647 614 0 0 572 758 0 0 0 600 0 541 684 
34.375	56.25		997 0 0 886 1027 997 0 0 1014 1096 810 966 941 999 1100 766 1075 0 0 0 0 0 0 1032 798 1013 976 994 796 752 888 738 0 0 836 1083 963 793 967 934 1074 1102 1019 0 0 0 714 0 849 955 
31.25	53.125		842 0 874 933 929 1085 777 0 900 804 884 878 0 0 0 846 974 0 0 818 0 0 0 0 0 795 0 0 0 0 582 908 924 902 0 0 603 937 944 0 0 0 0 0 0 0 821 942 809 0 
28.125	56.25		453 445 0 0 0 0 0 409 0 0 238 0 0 0 0 0 0 348 397 0 0 0 451 0 0 0 447 499 421 326 342 0 0 0 0 0 0 0 0 390 0 0 0 311 394 394 0 0 0 0 
25	65.625		0 0 0 0 0 0 0 0 0 0 0 0 0 0 0 0 0 0 0 0 0 0 0 0 0 0 0 0 0 0 0 0 0 0 0 0 0 0 0 0 0 0 0 0 0 0 0 0 0 0 
28.125	62.5		0 0 124 0 49 0 0 0 0 0 0 0 10 0 0 0 0 0 0 0 0 0 0 0 0 0 0 0 0 0 0 0 0 0 0 0 0 0 0 0 0 0 0 0 0 0 0 0 0 0 
25	59.375		0 0 0 0 0 0 0 0 0 0 0 0 0 0 0 0 0 0 0 0 0 0 0 0 0 0 0 0 0 0 0 0 0 0 0 0 0 0 0 0 0 0 0 0 0 0 0 0 0 0 
21.875	62.5		0 0 0 0 0 0 0 0 0 0 0 0 0 0 0 0 0 0 0 0 0 0 0 0 0 0 0 0 0 0 0 0 0 0 0 0 0 0 0 0 0 0 0 0 0 0 0 0 0 0 
31.25	46.875		852 1050 1072 985 1004 0 1089 760 1019 0 0 887 764 1044 974 1424 1018 1215 1039 1095 1177 0 0 1001 1046 1056 988 0 0 0 0 937 1135 1054 0 0 1059 0 894 1114 1207 0 1177 1154 1217 1026 997 949 0 0 
34.375	43.75		1231 0 0 1368 1461 1448 1304 0 0 0 0 1561 1545 1388 0 0 1240 1104 1257 1434 1189 0 987 0 1233 1481 1326 1518 1579 0 0 0 1449 1526 0 0 1250 1322 1335 1390 1344 1478 0 0 1353 1259 1301 1433 1253 1002 
31.25	40.625		0 1334 1273 1148 1153 0 0 1014 1156 1445 1295 1328 1293 1163 0 0 1178 1414 1362 1223 1300 1237 1092 0 0 0 1330 0 0 1303 1286 1310 1041 1061 1138 1238 1490 904 1178 1402 1199 1062 1024 1034 1252 981 1360 1304 0 1134 
28.125	43.75		885 783 966 958 1071 0 0 1068 1011 0 0 896 1107 1056 1024 880 1149 823 0 977 897 1136 0 1029 0 0 0 1126 898 0 0 1115 946 950 1085 902 0 972 1174 1020 801 854 651 0 0 0 912 846 1229 0 
37.5	53.125		0 0 0 1163 1081 996 1296 0 0 0 0 0 1323 1340 1206 1017 0 0 0 909 1283 1320 1254 1364 0 0 0 1095 1223 1144 1220 1226 943 1128 1082 1233 1061 0 0 0 1308 1206 1133 1264 1356 1330 1249 1217 1026 1049 
40.625	50		1511 1509 1531 1328 1113 1366 1412 1604 1349 1292 1156 1358 1491 1314 1597 1193 1356 1502 1427 1387 1289 1456 1020 1520 1389 0 0 1435 0 1334 1606 1457 1422 1386 1360 1525 1373 1182 1312 1470 1508 1303 1385 1379 1389 1295 1269 1397 0 0 
37.5	46.875		1430 1644 1424 0 0 0 1248 1499 1310 1302 1167 1421 1361 0 1559 1428 0 1348 1463 1548 1412 1390 1395 0 0 1530 1453 1456 1374 1292 1506 1302 1540 1540 0 1359 1385 1495 1579 1395 1392 1551 1246 1395 1446 1143 1438 1434 1513 1335 
34.375	50		0 0 0 1217 1154 1061 0 1188 0 0 0 1206 1114 989 1092 1242 0 0 1267 866 0 0 0 1026 1157 0 0 1329 0 0 0 1284 0 0 0 1062 1218 1212 1281 1027 0 0 0 1288 0 0 1250 1213 1189 1097 
18.75	46.875		0 0 0 0 0 0 0 0 0 0 0 0 0 0 0 0 0 0 0 0 0 0 0 0 0 0 0 0 0 0 0 0 0 0 0 0 0 0 0 0 0 0 0 0 0 0 0 0 0 0 
21.875	43.75		86 191 106 0 99 94 47 0 0 0 0 0 0 0 0 145 0 0 0 0 5 0 0 121 136 0 126 0 0 0 0 108 0 142 0 0 106 0 0 0 0 36 0 0 0 123 0 0 175 0 
18.75	40.625		0 0 0 0 0 0 0 0 0 0 0 0 0 0 0 0 0 0 0 0 0 0 0 0 0 0 0 0 0 0 0 0 0 0 0 0 0 0 0 0 15 0 0 0 15 0 0 0 0 0 
15.625	43.75		0 0 0 0 0 0 0 0 0 0 0 0 0 0 0 0 0 0 0 0 0 0 0 0 0 0 0 0 0 0 0 0 0 0 0 0 0 0 0 0 0 0 0 0 0 0 0 0 0 0 
25	40.625		794 579 722 574 731 885 825 978 823 0 0 898 968 1130 0 895 0 0 0 0 0 0 611 937 0 0 855 992 814 903 797 662 0 856 899 0 765 944 961 0 919 945 624 1011 0 0 0 0 0 0 
28.125	37.5		1065 1318 1179 1266 0 0 1157 0 0 0 0 0 0 1180 1027 1060 1190 1103 0 1617 1021 1179 0 0 1085 1102 0 1171 1349 1254 0 0 0 0 0 0 1212 1219 0 0 0 1303 0 1179 1199 1205 1380 1183 1253 0 
25	34.375		1160 1127 934 1366 1008 0 0 996 0 837 0 0 948 1191 0 0 1243 826 1073 0 0 0 1382 1173 961 1264 1171 0 0 0 0 962 953 1044 985 1126 1444 1001 1262 1211 1077 926 986 1180 1247 0 0 1416 0 0 
21.875	37.5		0 0 0 0 0 0 702 471 486 0 506 473 442 427 0 0 0 553 0 0 0 0 0 609 610 551 895 0 674 476 0 0 0 638 588 0 0 574 499 600 489 622 0 0 499 584 0 364 0 0 
43.75	96.875		324 359 0 0 277 345 432 343 314 468 0 0 0 383 0 465 0 0 0 0 456 380 169 432 0 0 0 0 183 0 0 0 356 0 0 0 391 0 0 0 0 0 390 0 0 0 0 0 347 203 
46.875	93.75		691 505 632 0 0 481 438 693 667 0 509 0 0 0 726 632 0 0 0 548 0 582 550 773 603 681 674 0 432 433 527 703 713 0 0 742 600 767 0 0 0 656 663 599 0 0 0 691 712 0 
43.75	90.625		564 575 535 601 0 589 0 0 470 617 557 582 601 488 671 0 0 0 454 477 660 508 0 0 417 395 0 0 513 650 645 409 0 598 401 550 534 0 545 630 460 601 527 352 657 674 566 0 0 447 
40.625	93.75		370 0 0 0 0 0 0 0 248 0 0 0 0 289 0 0 0 239 0 0 0 0 0 0 172 195 254 227 0 233 237 0 0 0 0 0 0 0 297 197 0 0 0 0 166 0 0 275 0 0 
43.75	84.375		720 735 792 728 537 675 725 973 568 906 784 587 770 770 747 758 796 502 0 0 708 0 0 0 0 0 756 0 0 541 997 632 0 786 0 0 0 770 0 0 758 682 762 635 782 588 712 738 585 667 
46.875	81.25		1031 876 0 0 0 927 982 800 860 0 0 0 0 1043 743 791 848 1100 922 0 0 709 992 994 906 1012 1018 923 834 862 879 0 0 0 0 0 953 1051 854 1003 939 887 986 0 0 1026 974 773 1032 1152 
43.75	78.125		1015 752 0 949 586 918 903 773 787 974 767 535 0 873 1008 1086 0 0 0 801 910 780 973 1002 0 0 0 922 0 903 0 0 839 0 832 871 846 961 957 818 938 1021 836 928 782 1094 0 0 0 832 
6.25	21.875		0 0 0 0 0 0 0 0 0 0 0 0 0 0 0 0 0 0 0 0 0 0 0 0 0 0 0 0 0 0 0 0 0 0 0 0 0 0 0 0 0 0 0 0 0 0 0 0 0 0 
9.375	18.75		0 0 0 0 0 0 0 0 0 0 0 0 0 0 0 0 0 0 0 0 0 0 0 0 0 0 0 0 0 74 15 0 0 0 0 5 5 0 0 0 0 0 0 0 0 0 0 0 0 0 
6.25	15.625		0 0 0 0 0 0 0 0 0 0 0 0 0 0 0 0 0 0 0 0 0 0 0 0 0 0 0 0 0 0 0 0 0 0 0 0 0 0 0 0 0 0 0 0 0 0 0 0 0 0 
3.125	18.75		0 0 0 0 0 0 0 0 0 0 0 0 0 0 0 0 0 0 0 0 0 0 0 0 0 0 0 0 0 0 0 0 0 0 0 0 0 0 0 0 0 0 0 0 0 0 0 0 0 0 
6.25	9.375		0 0 114 0 60 0 0 19 23 23 0 0 6 0 0 0 65 65 0 81 0 0 0 0 0 0 0 0 64 0 0 96 0 0 0 0 0 0 0 0 0 38 61 61 0 0 69 0 0 0 
9.375	6.25		817 941 800 0 0 0 0 0 0 732 828 679 979 1255 1086 1032 905 793 889 932 807 0 0 807 980 883 1012 831 832 1020 683 939 887 829 724 996 1088 1026 1147 936 1019 781 763 915 726 985 661 946 695 0 
6.25	3.125		490 450 0 0 460 528 486 453 383 414 0 565 521 425 394 677 367 459 424 368 270 456 437 369 0 0 502 0 0 461 524 489 436 482 317 432 0 0 0 505 450 386 463 532 465 0 0 0 446 431 
3.125	6.25		0 0 0 0 6 6 0 0 0 0 0 0 0 0 0 0 0 0 0 0 0 0 0 0 0 0 0 0 0 0 0 0 0 0 9 0 0 0 0 0 13 13 8 8 0 0 1 1 0 0 
21.875	56.25		0 0 0 0 0 0 0 0 0 0 0 0 0 0 0 0 0 0 0 0 0 0 0 0 0 0 0 0 0 0 0 0 0 0 0 0 0 0 0 0 0 0 0 0 0 0 0 0 0 0 
18.75	53.125		0 0 0 0 0 0 0 0 0 0 0 0 0 0 0 0 0 0 0 0 0 0 0 0 0 0 0 0 0 0 0 0 0 0 0 0 0 0 0 0 0 0 0 0 0 0 0 0 0 0 
15.625	50		0 0 0 0 0 0 0 0 0 0 0 0 0 0 0 0 0 0 0 0 0 0 0 0 0 0 0 0 0 0 0 0 0 0 0 0 0 0 0 0 0 0 0 0 0 0 0 0 0 0 
46.875	87.5		0 887 551 677 680 728 790 758 747 697 710 804 870 735 0 0 0 0 632 0 0 0 0 798 611 914 787 0 662 871 785 721 748 673 708 972 0 0 0 0 0 0 0 704 765 888 767 0 0 0 
18.75	9.375		2296 2267 1989 0 0 0 0 0 2446 2409 1793 0 0 2036 2245 2279 1893 2071 1648 2394 1706 2301 2191 2339 2204 2043 0 0 2183 1744 1685 0 0 1877 1837 1964 0 0 2076 2354 1918 1944 2336 2131 2280 2010 1687 2192 2166 2053 
15.625	6.25		2566 2434 1945 2355 2242 2169 2084 2001 2234 2422 2384 2071 2056 2435 2199 2404 1850 1967 1893 2105 2193 2297 2297 1727 2205 1897 0 0 2613 1822 2072 2439 2471 2313 2047 2186 2281 2136 2214 2203 1901 1998 2305 2302 1886 2337 2477 2318 2267 2415 
21.875	12.5		1895 1824 2219 1605 2278 2197 2104 2103 2093 2243 2153 2014 1835 1889 1984 1826 1773 1650 1892 2185 2282 0 0 2060 1846 1962 1792 1987 1916 2201 1947 2074 2137 2441 0 1844 1858 1998 2316 1863 2452 1686 0 0 1897 1778 2259 1950 1681 2059 
12.5	3.125		2616 2626 2610 2134 2352 1924 2222 2384 1985 2484 2185 2355 1882 2109 0 2346 2189 2236 2299 2230 2183 2155 2286 2432 2393 2397 2395 1713 2403 2619 2341 2386 2225 2343 2190 2511 2717 2292 2273 2181 2346 2300 2267 2348 2497 2179 2451 1862 2408 2802 
3.125	12.5		0 0 0 0 0 0 0 0 0 0 0 0 0 0 0 0 0 0 0 0 0 0 0 0 0 0 0 0 0 0 0 0 0 0 0 0 0 0 0 0 0 0 0 0 0 0 0 0 0 0 
40.625	68.75		1101 789 957 981 974 0 0 1073 0 0 0 981 951 933 918 1100 1003 1073 1010 682 765 661 1100 997 0 0 1045 998 792 1057 965 993 945 974 0 0 0 813 1063 0 0 0 0 863 1021 786 823 0 947 1048 
28.125	75		0 0 0 0 0 0 0 0 0 0 0 0 0 0 0 0 0 0 0 0 0 0 0 0 0 0 0 0 0 0 0 0 0 0 0 0 0 0 0 0 0 0 0 0 0 0 0 0 0 0 
15.625	37.5		0 0 0 0 0 0 0 0 0 0 0 0 0 0 0 0 0 0 0 0 0 0 0 0 0 0 0 0 0 0 0 0 0 0 0 0 0 0 0 0 0 0 0 0 0 0 0 0 0 0 
12.5	34.375		0 0 0 0 0 0 0 0 0 0 0 0 0 0 0 0 0 0 0 0 0 0 0 0 0 0 0 0 0 0 0 0 0 0 0 0 0 0 0 0 0 0 0 0 0 0 0 0 0 0 
9.375	31.25		0 0 0 0 0 0 0 0 0 0 0 0 0 0 0 0 0 0 0 0 0 0 0 0 0 0 0 0 0 0 0 0 0 0 0 0 0 0 0 0 0 0 0 0 0 0 0 0 0 0 
25	15.625		2178 1894 1902 2136 1938 1766 2322 1868 2034 2116 0 0 1541 1990 1410 1835 0 1780 1920 2075 2129 2145 2116 1809 1672 2065 1910 1906 1933 2195 0 2434 1732 1886 1845 2086 1919 1603 2047 1987 1899 2071 1712 2179 0 0 0 2089 1998 0 
21.875	25		1198 1267 1456 1505 938 1241 1142 1234 1534 1408 0 1245 1408 1375 0 0 0 0 1190 1454 1389 1400 1660 1595 1419 1374 1335 1332 1111 1425 1283 0 0 0 0 931 1597 0 0 0 0 1130 0 0 0 1351 1256 1115 1258 0 
40.625	56.25		0 0 0 1416 1195 0 0 0 1174 1267 1179 1004 1010 1149 1501 1418 1551 1100 1355 1078 1184 1297 1353 1021 0 1149 0 0 1312 1196 953 1356 0 1211 1164 1338 1274 0 0 1296 1372 1270 1141 1093 1029 1413 1328 1055 1463 1227 
43.75	53.125		1531 1555 1491 1660 1470 1432 1690 1401 1592 1335 1490 1527 1341 1236 1400 1641 1496 1339 1677 1299 1368 1607 1500 1538 1208 1256 1324 1325 1260 1298 1488 1410 1370 1477 1404 1376 1386 1374 1795 1516 1698 1607 1682 1280 1760 1362 1569 1344 1349 1618 
46.875	100		343 414 217 231 372 265 307 0 0 0 0 0 0 293 372 0 0 0 360 0 0 239 289 284 0 0 433 250 271 0 0 288 353 281 303 0 332 330 0 0 363 179 342 0 0 302 394 0 234 0 
50	96.875		594 775 782 673 614 622 0 738 544 0 0 703 648 445 495 678 761 0 501 593 0 489 629 737 0 621 596 708 0 683 510 399 590 612 683 649 594 625 717 608 740 0 533 0 773 691 628 493 477 680 
50	90.625		390 924 1007 0 865 0 0 0 0 0 0 0 0 0 717 855 657 766 758 756 976 948 856 808 658 918 862 976 710 663 888 0 0 943 754 0 0 0 732 764 764 0 0 912 984 799 826 0 0 852 
53.125	93.75		1032 834 1009 778 927 875 0 0 844 847 851 862 773 1035 842 862 758 787 900 931 776 891 856 908 828 566 697 899 749 760 684 0 871 958 767 961 0 857 945 791 876 677 827 821 828 815 738 990 743 935 
40.625	100		0 0 0 0 12 0 0 0 0 0 0 0 0 0 0 0 0 0 33 0 0 0 0 0 0 0 0 0 0 0 0 0 0 0 0 0 0 0 0 38 0 0 0 0 0 0 0 0 0 0 
37.5	96.875		0 0 0 0 0 0 0 0 0 0 0 0 0 0 0 0 0 0 0 0 0 0 0 0 0 0 0 0 0 0 0 0 0 0 0 0 0 0 0 0 0 0 0 0 0 0 0 0 0 0 
34.375	93.75		0 0 0 0 0 0 0 0 0 0 0 0 0 0 0 0 0 0 0 0 0 0 0 0 0 0 0 0 0 0 0 0 0 0 0 0 0 0 0 0 0 0 0 0 0 0 0 0 0 0 
0	9.375		0 0 0 0 0 0 0 0 0 0 0 0 0 0 0 0 0 0 0 0 0 0 0 0 0 0 0 0 0 0 0 0 0 0 0 0 0 0 0 0 0 0 0 0 0 0 0 0 0 0 
9.375	0		2505 2466 2058 2115 2349 2419 2669 2116 2753 2399 2129 2308 2659 2293 2379 2440 2484 2060 2132 2359 2124 2573 2259 2280 2854 2083 2616 2302 2361 2514 2450 2283 2669 2927 2423 2283 2403 2033 2025 2291 2682 2630 2253 2184 2944 2541 2382 2458 2543 2129 
3.125	0		338 287 276 206 321 170 310 225 225 162 253 243 164 164 197 171 318 256 191 191 346 300 225 299 312 252 200 200 206 178 206 230 242 335 302 208 198 295 251 274 235 200 211 253 217 273 276 237 279 219 
0	3.125		0 0 0 0 0 0 0 0 0 0 0 0 0 0 0 0 0 0 0 0 0 0 0 0 0 0 0 0 0 0 0 0 0 0 0 0 0 0 0 0 0 0 0 0 0 0 0 0 0 0 
35.9375	67.1875		0 691 0 674 0 658 925 733 749 638 919 520 0 0 0 0 0 735 0 664 0 0 860 827 0 0 0 0 0 0 0 0 0 0 425 662 563 0 752 0 0 0 648 622 0 0 0 919 900 627 
35.9375	64.0625		947 815 779 889 0 0 804 1026 881 900 0 0 767 0 0 949 0 0 0 0 990 838 0 806 0 0 947 796 785 0 0 678 923 782 820 0 739 713 785 567 867 799 790 673 884 860 0 0 454 0 
32.8125	64.0625		860 0 0 662 444 302 561 678 434 474 0 0 0 0 0 0 0 0 0 0 0 742 620 484 616 0 0 0 0 0 0 0 0 0 0 0 0 0 0 0 0 535 450 430 0 0 0 0 609 770 
39.0625	82.8125		504 230 0 0 0 0 0 441 417 0 0 252 355 0 0 0 0 0 452 422 521 0 0 0 0 0 619 502 575 0 315 655 0 0 0 0 0 0 0 0 304 519 387 409 0 0 445 421 510 0 
39.0625	79.6875		0 540 800 583 0 548 599 0 0 529 445 0 0 0 537 0 0 0 0 0 0 0 0 0 542 0 0 584 511 590 0 690 0 363 0 0 596 0 0 0 0 0 503 303 539 801 549 524 456 610 
26.5625	51.5625		379 318 542 0 0 289 381 0 0 0 0 0 421 0 0 0 514 448 280 0 0 0 0 0 0 438 423 449 0 0 385 0 0 377 0 0 0 0 459 382 201 0 278 588 250 498 0 0 0 338 
26.5625	48.4375		0 0 426 633 504 681 521 603 0 0 0 0 0 0 0 0 519 500 392 705 425 0 0 602 627 0 0 0 0 440 625 704 0 0 0 527 681 0 0 0 0 0 0 568 543 0 655 0 0 711 
39.0625	89.0625		170 0 0 289 0 0 0 0 0 114 0 0 0 0 0 0 0 0 0 0 0 177 327 0 0 0 156 0 0 281 0 0 0 168 0 240 0 0 230 143 0 136 427 218 361 302 241 329 339 0 
39.0625	85.9375		350 364 0 0 0 345 0 0 0 0 0 0 451 0 0 0 0 190 0 0 0 0 0 352 0 470 308 365 0 389 0 451 495 412 0 0 358 0 0 419 0 0 0 319 0 0 0 453 316 0 
32.8125	79.6875		0 0 0 0 36 0 0 0 0 0 0 0 0 0 0 0 0 0 0 0 0 0 0 0 0 0 0 0 0 0 0 0 36 0 0 0 0 0 0 0 0 0 0 0 0 0 42 0 0 0 
32.8125	76.5625		0 0 72 63 82 0 0 34 0 0 0 111 0 0 0 0 0 102 32 0 0 0 0 0 110 0 49 0 0 0 0 0 0 0 0 0 4 0 0 0 0 35 0 107 0 0 0 0 0 0 
35.9375	85.9375		0 0 0 0 8 0 51 0 9 0 0 0 0 69 0 117 0 0 0 0 0 0 0 0 0 0 0 0 0 0 0 0 0 84 0 0 0 0 117 0 53 0 0 0 0 0 0 0 0 0 
35.9375	82.8125		81 0 0 0 0 209 217 0 0 0 0 0 0 0 0 0 0 0 0 0 0 0 0 0 0 224 0 0 265 175 258 243 0 0 177 0 0 0 0 0 248 0 0 0 0 271 126 0 0 129 
17.1875	32.8125		0 0 0 0 0 0 119 0 87 0 0 97 95 0 0 0 0 0 0 0 63 0 0 0 0 0 0 70 0 0 0 0 0 0 0 0 0 0 46 0 49 58 112 178 0 168 0 0 99 0 
17.1875	29.6875		0 0 0 294 334 281 0 0 429 125 299 234 217 392 0 0 379 0 0 0 0 0 0 0 176 286 132 337 0 0 292 279 175 0 306 360 0 0 191 239 0 0 239 0 0 0 0 0 0 0 
14.0625	26.5625		0 0 0 60 8 87 0 27 0 0 0 0 0 0 67 0 0 0 0 0 0 0 0 0 0 127 0 0 0 0 0 0 0 0 0 0 0 0 0 48 0 0 0 0 0 0 0 60 0 0 
14.0625	23.4375		0 0 162 75 179 109 0 0 0 0 0 74 205 0 253 0 0 242 158 176 340 0 158 227 213 193 179 236 0 154 239 0 0 0 0 132 0 0 0 0 198 189 188 0 0 0 269 0 0 0 
35.9375	51.5625		1223 1045 1086 1133 0 0 1174 1162 0 0 1045 1136 1198 1159 1059 1213 1012 1067 1186 0 0 0 1206 1155 1082 0 0 0 0 1245 0 0 0 0 1081 1127 1037 1234 1195 0 1073 0 0 0 1259 0 1291 1111 1133 961 
35.9375	48.4375		1250 1110 1269 1238 1415 0 0 0 1335 0 1257 0 1219 1030 1514 1039 1425 1432 0 0 0 0 0 1433 1397 0 0 0 0 1204 1316 1166 0 0 1139 0 1345 1400 1352 1272 1408 0 0 1116 0 1175 873 1305 1207 1252 
20.3125	45.3125		0 6 0 0 0 0 0 0 0 0 0 0 0 0 0 0 0 0 0 0 0 0 0 0 0 0 0 0 0 0 0 0 0 0 0 0 0 0 0 0 0 0 0 0 0 0 0 0 0 0 
20.3125	42.1875		51 0 0 68 8 83 0 0 0 0 12 0 0 0 0 52 0 0 0 0 0 0 0 0 0 0 0 0 0 64 48 47 0 0 23 0 0 0 0 0 0 0 0 0 0 0 0 0 0 0 
45.3125	92.1875		568 0 0 0 0 407 0 0 0 571 550 428 665 675 560 0 0 0 658 732 571 384 724 603 745 549 622 570 605 623 623 0 691 681 514 570 534 619 451 566 0 525 0 0 626 520 654 0 0 537 
42.1875	92.1875		0 0 0 0 0 0 0 0 585 382 406 500 394 236 420 404 382 314 0 0 0 373 0 0 285 460 400 529 402 374 408 391 0 0 453 0 0 0 0 0 0 0 320 376 324 0 317 443 328 0 
7.8125	7.8125		210 434 267 291 312 345 260 347 449 0 0 429 0 0 0 0 333 222 0 0 327 227 374 369 337 0 0 0 348 386 469 0 205 0 0 0 0 0 0 0 0 0 0 335 254 0 408 286 373 332 
4.6875	7.8125		33 2 0 0 0 59 0 0 14 14 0 0 0 0 0 0 0 0 0 0 0 0 0 0 0 0 0 0 0 0 0 0 0 0 0 0 0 0 0 0 0 0 0 0 0 0 48 0 0 0 
4.6875	4.6875		95 120 0 0 80 195 77 168 142 81 160 107 0 0 99 99 131 103 0 0 0 0 0 50 145 0 0 105 97 41 0 0 186 68 0 0 0 0 0 0 0 0 0 0 157 0 0 0 99 95 
29.6875	64.0625		0 228 131 149 0 0 247 239 0 0 0 0 0 0 0 0 0 0 266 0 0 0 0 143 217 0 0 0 225 0 0 0 0 0 0 0 0 0 313 114 0 0 0 0 0 0 0 0 0 0 
29.6875	60.9375		389 287 0 492 280 0 0 0 380 0 0 283 0 0 0 417 0 315 0 0 0 0 0 0 309 405 0 0 0 0 0 0 0 0 248 517 380 432 0 0 0 0 0 0 396 201 0 0 201 0 
29.6875	48.4375		0 807 870 1056 0 0 698 0 0 0 0 950 672 818 990 0 786 0 0 0 658 829 867 978 987 883 1043 0 0 0 0 689 741 1028 0 0 826 0 0 881 469 821 1162 1008 676 981 0 0 0 929 
29.6875	45.3125		0 1191 783 0 0 1184 1008 809 806 1019 0 0 901 1015 1201 0 760 0 1089 0 1167 947 859 0 0 1023 0 0 0 972 985 0 0 0 0 0 1159 0 0 714 1017 1310 871 841 837 1110 1129 0 0 0 
26.5625	45.3125		0 0 0 0 0 0 0 0 0 937 738 509 0 673 0 901 0 0 0 0 0 716 844 684 0 0 644 0 846 0 0 788 0 816 899 0 758 885 590 774 461 762 0 0 0 0 843 469 0 666 
23.4375	48.4375		0 0 0 0 0 84 32 127 0 0 149 0 0 0 0 148 0 0 169 0 0 0 0 0 0 0 0 0 0 0 0 0 0 0 0 0 0 167 140 0 0 0 0 105 161 0 0 0 0 78 
23.4375	45.3125		0 0 0 0 0 0 314 0 0 0 0 0 336 0 0 0 0 0 0 153 0 0 0 309 158 247 0 0 0 0 0 298 334 0 0 0 376 366 0 0 0 356 0 323 222 0 226 0 0 207 
42.1875	89.0625		0 0 0 0 0 615 447 0 0 640 0 0 447 510 420 0 639 424 0 0 547 521 0 0 0 0 0 524 535 448 0 564 315 439 582 558 596 606 352 519 0 0 397 0 0 0 0 0 0 0 
39.0625	92.1875		0 0 0 0 0 155 0 77 0 0 0 0 0 0 0 188 0 0 0 0 171 123 0 0 0 199 0 0 0 0 0 0 0 0 0 0 225 0 0 105 0 296 133 0 0 139 0 0 0 0 
42.1875	85.9375		545 364 650 566 624 0 0 639 0 576 766 0 0 563 0 0 629 645 606 489 684 483 636 573 747 544 789 623 413 742 514 554 597 0 0 0 0 645 475 0 523 675 632 702 673 455 0 0 0 547 
42.1875	82.8125		755 603 0 0 0 623 580 679 711 707 586 621 0 0 702 582 0 0 652 640 671 708 608 870 0 0 661 0 0 823 488 596 515 461 687 496 758 824 742 845 800 536 0 0 0 0 741 649 846 0 
7.8125	10.9375		162 73 13 184 98 119 105 0 0 0 0 0 0 0 235 0 0 0 0 159 191 128 0 74 51 51 104 134 0 133 195 160 111 190 92 64 0 0 135 0 0 0 0 0 97 129 0 0 0 117 
10.9375	17.1875		0 0 0 0 0 0 0 0 0 143 0 0 162 113 0 163 0 0 0 0 154 0 0 0 0 0 0 0 0 193 0 0 0 0 0 0 0 0 0 0 0 0 0 0 0 157 0 0 0 203 
10.9375	14.0625		0 0 449 404 467 290 0 0 376 377 0 0 347 368 0 0 0 523 0 0 539 249 330 500 421 474 0 0 477 330 532 0 0 332 0 0 0 463 0 0 0 270 0 0 0 0 0 0 0 571 
7.8125	14.0625		35 24 0 0 0 0 0 0 0 0 0 0 46 0 0 39 47 0 0 19 19 0 30 0 0 0 0 0 0 0 0 0 0 0 0 0 0 0 0 0 0 0 0 0 0 0 0 0 0 40 
4.6875	10.9375		0 0 0 0 0 0 0 0 0 0 0 0 0 0 0 0 0 0 0 0 0 0 0 0 0 0 0 0 0 0 0 0 0 0 0 0 0 0 0 0 0 0 0 0 0 0 0 0 0 0 
32.8125	73.4375		0 229 0 0 0 167 176 251 0 0 0 0 162 185 0 0 0 0 247 0 0 0 0 157 177 185 208 0 0 0 177 238 174 0 0 0 210 0 0 0 0 0 0 0 0 0 0 0 177 0 
32.8125	70.3125		0 0 0 0 0 304 386 312 0 0 0 0 0 268 356 249 0 273 0 0 0 0 302 0 0 0 350 0 0 173 0 0 479 477 363 0 0 0 210 289 0 0 0 0 0 0 0 336 0 0 
35.9375	70.3125		572 0 0 0 0 0 577 748 530 689 592 612 618 478 603 701 597 0 0 0 649 687 0 0 0 709 627 540 0 0 568 0 522 601 0 0 925 0 0 643 621 501 521 584 708 708 443 598 564 0 
17.1875	35.9375		0 0 40 0 0 0 0 0 0 0 0 0 0 0 0 0 0 0 0 0 0 0 0 0 0 0 0 0 0 0 0 0 0 0 31 10 0 0 0 0 0 0 0 0 0 0 0 0 11 0 
20.3125	39.0625		144 0 0 0 0 0 0 0 0 0 0 0 0 0 86 0 58 187 155 0 0 0 0 0 180 0 0 0 0 0 159 283 0 0 192 0 139 0 0 188 0 0 0 0 0 0 0 0 69 143 
20.3125	35.9375		516 399 0 0 456 372 0 0 0 0 0 0 0 383 0 0 0 0 0 0 214 292 0 0 0 0 0 0 0 0 259 251 312 395 0 0 0 0 0 0 0 0 0 512 0 361 0 0 317 0 
14.0625	29.6875		0 0 0 0 0 0 0 0 0 0 0 0 0 0 0 0 0 0 0 0 0 0 0 0 0 0 0 0 0 0 0 0 0 0 0 0 0 0 0 0 0 0 0 0 0 15 0 0 0 0 
14.0625	20.3125		0 541 543 0 0 0 449 0 445 289 412 0 0 0 0 0 574 540 509 0 0 460 376 444 0 0 0 0 0 0 0 0 0 0 0 0 458 0 0 610 588 0 0 654 0 0 0 0 0 419 
10.9375	20.3125		37 0 0 45 0 0 0 0 0 0 0 59 0 0 0 0 0 0 0 0 0 0 0 0 0 48 0 0 0 90 88 0 0 0 0 68 10 0 0 0 0 0 50 0 0 0 0 0 0 0 
29.6875	57.8125		0 0 0 587 549 0 0 645 0 0 0 0 472 484 358 572 495 663 443 520 479 551 639 377 495 476 409 609 438 0 0 0 0 0 0 0 0 343 495 0 0 538 577 0 0 0 503 516 0 0 
26.5625	42.1875		0 674 1041 866 765 0 0 0 0 993 0 0 0 0 703 830 1028 1050 909 1093 877 0 0 860 0 1065 995 786 566 977 0 0 0 1178 0 0 856 1029 906 1054 882 0 869 797 760 0 586 881 1081 1056 
48.4375	98.4375		435 499 557 425 672 447 507 301 0 0 0 0 0 628 501 568 0 0 660 383 660 542 494 564 0 0 647 0 510 608 631 582 528 393 469 515 0 525 607 622 0 0 520 530 433 455 618 548 0 393 
48.4375	95.3125		574 702 499 578 812 600 701 650 520 554 561 0 0 692 628 642 570 570 616 566 661 0 0 0 0 0 551 682 0 0 634 0 504 647 791 0 0 0 0 0 634 447 0 589 723 708 638 711 0 556 
42.1875	98.4375		0 0 171 0 0 149 0 272 0 0 0 0 0 0 0 0 0 148 0 0 0 0 0 0 0 0 0 0 278 188 0 0 0 150 0 0 0 0 156 0 0 157 0 0 136 0 197 0 0 0 
39.0625	98.4375		0 0 0 0 0 0 0 0 0 0 0 0 0 0 0 0 0 0 0 0 0 0 0 0 0 0 32 0 0 0 0 0 0 0 0 0 0 0 0 0 0 0 0 0 0 0 0 0 0 0 
39.0625	95.3125		0 0 0 0 0 0 0 0 0 0 0 81 46 69 0 0 0 0 0 0 0 0 0 0 0 121 0 0 0 0 0 0 0 68 0 0 0 0 0 0 0 0 0 0 0 0 0 0 0 17 
1.5625	4.6875		0 0 0 0 0 0 0 0 0 0 0 0 0 0 0 0 0 0 0 0 0 0 0 0 0 0 0 0 0 0 0 0 0 0 0 0 0 0 0 0 0 0 0 0 0 0 0 0 0 0 
4.6875	1.5625		321 273 0 278 300 312 244 333 304 375 450 324 334 286 390 385 351 317 406 436 219 352 413 366 213 395 369 302 424 314 290 396 346 0 0 337 383 365 332 247 252 371 291 337 265 441 384 449 373 459 
1.5625	1.5625		25 27 27 0 15 15 8 8 49 20 24 24 11 11 0 0 0 0 5 19 9 9 9 0 0 20 32 15 15 0 0 13 13 39 39 14 0 0 0 0 0 0 0 26 26 20 20 0 0 0 
7.8125	1.5625		1002 0 1120 1177 1235 1132 1127 1027 1159 1046 1260 1080 1157 1041 1004 1096 885 1086 1071 1118 1246 812 1100 1064 1010 974 1110 855 1219 1105 1159 0 0 0 1072 1191 1044 1146 1047 1172 1064 1300 1175 1244 1152 1235 1123 1100 1258 982 
